logFC	AveExpr	t	P.Value	adj.P.Val	B
C5OH.C4DC	0,0762346843064187	0,454842339811772	4,49269898628582	1,33782427603623e-05	0,000602020924216305	2,30112100433723
C2	0,331754799208436	3,39397946563318	4,27701671346696	3,23992028757724e-05	0,000705370563082366	1,45628423497284
C12	0,0245910890127216	0,0627097070041542	4,18384550261842	4,7024704205491e-05	0,000705370563082366	1,10152801988584
C18.1	0,130183456806395	1,03579923535419	3,85258844828683	0,000168529324578561	0,00189595490150881	-0,108257945297258
C16	0,140893858156871	1,00061259594439	3,79041601382385	0,000212328855004624	0,00191095969504162	-0,326141287999776
CIT	0,360133738226685	4,46894997732942	3,73369689744944	0,0002615169734406	0,0019613773008045	-0,52232885897056
C16.1	0,0144634805472816	0,0710908981316155	3,6725895371855	0,000326490973087414	0,00209887054127623	-0,730912436463261
C14.2	0,0108874216656968	0,0331410459010094	3,59116228012595	0,000436986704858559	0,00245805021482939	-1,00432966888438
C10	0,0395176693714289	0,142029916716615	2,62878790918087	0,00940007398503543	0,0470003699251772	-3,82535332948272
