M5S-M5C
logFC	AveExpr	t	P.Value	adj.P.Val	B
C14.2	0,0176019144786791	0,0331410459010094	3,73190903430562	0,00026530963247224	0,0119389334612508	-0,146049952213932
C5OH.C4DC	0,0902535318723064	0,454842339811772	3,44086173773617	0,000743336141535721	0,0167250631845537	-1,10319630062321
C18.1	0,161047012863493	1,03579923535419	3,0614556934173	0,00259243484113576	0,0325269004345016	-2,24990557119882
C2	0,371876286194884	3,39397946563318	3,02666727920502	0,00289128003862236	0,0325269004345016	-2,34915507890683
M5N-M5C
logFC	AveExpr	t	P.Value	adj.P.Val	B
C10	0,1271791728511	0,142029916716615	3,81540483892018	0,000195218450216247	0,00625199267506682	0,407950867121832
C12	0,0493008122973946	0,0627097070041542	3,71920515789893	0,000277866341114081	0,00625199267506682	0,0833926695113441
C8	0,0802152357216174	0,0978216370836809	3,50608801731268	0,000593245065605792	0,00889867598408688	-0,610840646711779
C10.1	0,0461172524559072	0,105081495546608	3,23245358250108	0,00149623385215293	0,0168326308367204	-1,45077415917235
P5S-P5C

P5N-P5C
logFC	AveExpr	t	P.Value	adj.P.Val	B
C5OH.C4DC	0,110760101767318	0,454842339811772	3,8013420734704	0,000205641341591529	0,00925386037161878	0,173904339994712
M5S-M5N

P5S-P5N

