M5S-M5C

M5N-M5C
logFC	AveExpr	t	P.Value	adj.P.Val	B
C14.2	0,0192363694351775	0,0331410459010094	3,7503941011953	0,000247994645660443	0,0111597590547199	-0,0089263558307664
P5S-P5C

P5N-P5C
logFC	AveExpr	t	P.Value	adj.P.Val	B
C5OH.C4DC	0,100852960566453	0,454842339811772	4,04741392410775	8,11303637094115e-05	0,00365086636692352	0,923644005519719
C16	0,203892422059142	1,00061259594439	3,68127092724005	0,000318791771929628	0,00717281486841664	-0,35961513322082
C16.1	0,0187892963160885	0,0710908981316155	3,1993987589088	0,00166683242873688	0,0250024864310532	-1,89093137873194
C2	0,349397624845802	3,39397946563318	3,00280497801477	0,00311428733062257	0,0308506873318931	-2,46182788769339
C18.1	0,148770920349368	1,03579923535419	2,97178518076028	0,00342785414798813	0,0308506873318931	-2,54897367449232
M5S-M5N

P5S-P5N

