M5A-M5NS

M5AS-M5NS

P5A-P5NS
logFC	AveExpr	t	P.Value	adj.P.Val	B
C16	0,18517007223447	1,00061259594439	3,40478087896091	0,000840977422162118	0,0252425113708002	-1,27455259333088
C2	0,361733079668557	3,39397946563318	3,16969850232743	0,00183535249123134	0,0252425113708002	-1,99326283741101
C16.1	0,0181096271259859	0,0710908981316155	3,14191114634962	0,00200720493917219	0,0252425113708002	-2,07524496379639
C18.1	0,152970059966158	1,03579923535419	3,10706460426378	0,00224377878851558	0,0252425113708002	-2,17715544444024
C5OH.C4DC	0,0747409498676428	0,454842339811772	2,98733628826384	0,00326719160259087	0,0294047244233178	-2,51963198949772
C12	0,024611733707334	0,0627097070041542	2,83914848137148	0,00512315204246104	0,0384236403184578	-2,92685796794444
M5AS-M5NS

